76 79
67 88
67 96
67 99
87 113
100 113
96 51
86 51
85 57
109 84
111 64
111 50
111 33
109 27
98 27
97 27
96 27
90 27
88 27
84 27
81 27
74 27
63 27
63 32
63 34
63 35
63 40
63 45
63 49
63 51
63 53
63 57
63 64
63 77
64 107
100 107
102 92
102 88
102 64
102 58
96 56
95 56
86 56
84 56
66 56
62 56
57 56
55 56
46 56
43 56
37 56
35 56
25 57
25 68
25 78
25 84
29 94
42 94
46 94
54 94
64 94
72 94
78 93
78 92
78 90
78 88
78 78
78 73
78 70
78 55
78 42
62 41
59 41
57 41
55 41
37 41
35 41
26 41
21 41
21 44
21 48
21 50
21 68
21 84
21 95
21 97
29 98
31 98
42 98
46 98
54 98
59 98
64 98
71 98
72 98
72 94
72 93
72 92
72 90
72 88
72 86
72 78
72 73
72 70
72 68
72 67
72 63
72 55
72 53
66 51
63 51
62 51
61 51
57 51
55 51
54 51
43 51
35 51
33 57
33 62
33 66
33 72
33 77
42 90
51 90
55 90
59 90
64 90
69 88
69 86
69 78
69 73
69 70
69 68
69 67
69 63
69 55
69 50
69 42
69 40
69 39
69 32
67 30
64 30
62 30
57 30
55 30
50 30
47 30
40 30
38 30
37 30
35 30
30 30
20 30
19 30
19 31
19 34
19 44
19 48
19 50
19 54
19 55
19 62
19 64
19 66
19 68
27 75
30 75
31 75
34 75
42 75
45 72
45 70
45 67
45 64
45 63
45 55
45 50
45 49
45 45
45 44
45 43
45 42
45 40
45 39
45 35
45 32
45 29
45 28
45 26
40 24
38 24
37 24
30 24
28 24
24 24
20 24
19 24
18 24
14 29
14 34
14 44
19 44
21 44
23 44
26 44
30 44
32 44
34 44
37 44
39 42
39 40
39 34
39 32
39 29
39 26
39 23
39 21
39 16
39 12
38 7
19 7
17 29
17 34
17 45
17 48
17 50
17 54
17 55
17 62
17 64
17 66
17 68
17 69
17 73
17 76
17 78
17 84
31 86
34 86
37 86
40 86
42 86
50 86
51 86
55 86
59 86
64 86
69 86
70 86
72 86
73 86
75 86
76 86
79 86
79 80
79 78
79 73
79 70
79 69
79 63
79 60
79 55
79 53
73 48
66 48
64 48
62 48
61 48
59 48
58 48
57 48
55 48
54 48
48 48
43 48
41 48
40 48
38 48
37 48
35 48
32 48
31 48
30 48
28 48
28 49
28 50
28 54
28 55
28 57
28 59
28 62
28 64
28 66
28 69
30 70
31 70
34 70
40 70
42 70
43 70
45 70
46 70
50 70
55 70
57 70
61 70
64 70
65 70
69 70
70 70
72 70
73 70
75 70
76 70
77 70
78 70
79 70
80 70
82 70
86 70
90 70
93 70
98 70
98 69
98 64
98 63
98 58
98 55
98 54
98 50
98 48
98 45
98 40
90 35
84 35
81 35
74 35
73 35
64 35
63 35
62 35
61 35
58 35
57 35
55 35
52 35
52 38
52 40
52 45
52 49
52 50
52 52
52 57
52 59
52 62
52 64
52 69
52 71
52 77
55 81
64 81
70 81
73 81
75 81
76 81
80 81
80 80
80 78
80 73
80 70
80 69
80 65
80 63
79 63
73 63
72 63
69 63
66 63
62 63
61 63
57 63
55 63
53 63
51 63
46 63
45 63
43 63
41 63
40 63
38 63
37 63
32 63
31 66
31 68
31 69
31 70
31 71
31 72
31 73
31 75
31 76
31 77
31 78
31 82
31 83
31 84
31 86
31 87
31 91
31 92
31 95
31 97
31 98
31 99
31 101
31 103
32 104
33 104
41 104
42 104
46 104
51 104
54 104
55 104
64 104
69 104
70 104
73 104
75 104
79 104
81 104
82 104
97 104
103 104
105 103
105 88
95 67
94 67
91 67
84 67
73 67
72 67
69 67
66 67
62 67
61 67
57 67
55 67
55 69
55 70
55 71
55 77
55 81
55 82
55 83
55 84
55 86
55 87
55 88
55 90
55 91
55 95
55 96
55 99
55 101
55 104
55 105
55 106
55 111
55 116
69 116
73 116
75 116
81 116
82 116
87 116
93 111
93 103
93 92
93 88
93 85
93 79
93 70
93 69
93 66
93 64
93 63
93 62
93 55
93 54
93 50
93 48
93 45
93 43
93 40
90 39
88 39
84 39
81 39
77 39
74 39
73 39
69 39
64 39
62 39
61 39
59 39
58 39
57 39
55 39
54 39
51 39
48 39
47 39
45 39
43 39
40 39
38 39
37 39
35 39
32 39
30 39
28 39
27 39
26 39
25 39
24 39
23 40
23 44
23 45
23 48
23 50
23 54
23 55
23 59
23 62
23 64
23 66
23 68
23 69
23 71
23 73
23 76
23 78
23 82
23 83
23 84
23 87
23 91
23 92
23 94
23 95
23 96
23 97
23 99
25 99
28 99
29 99
31 99
32 99
33 99
42 99
46 99
51 99
54 99
55 99
59 99
64 99
67 99
70 99
71 99
72 99
73 99
75 99
76 99
79 99
81 99
82 99
82 92
82 90
82 88
82 85
82 79
82 78
82 73
82 70
82 69
82 66
82 63
82 62
82 55
79 55
78 55
73 55
72 55
69 55
66 55
62 55
61 55
58 55
57 55
55 55
54 55
53 55
51 55
48 55
46 55
45 55
43 55
41 55
40 55
38 55
37 55
35 55
32 55
30 55
28 55
27 55
27 57
27 59
27 62
27 64
27 66
28 66
30 66
31 66
32 66
33 66
34 66
35 66
40 66
41 66
42 66
43 66
44 66
46 66
50 66
50 65
50 62
50 61
50 54
50 50
50 49
50 47
50 44
50 43
50 42
50 40
50 38
50 37
50 35
50 32
50 30
50 29
50 28
50 26
50 23
50 21
50 20
50 18
48 18
47 18
40 18
38 18
37 18
37 20
37 22
37 24
37 25
37 26
37 28
37 29
37 30
37 31
37 32
37 37
37 38
37 39
37 40
37 41
37 44
37 45
37 47
37 48
37 49
37 50
37 52
37 55
37 56
37 57
37 59
37 62
37 63
37 67
37 69
37 71
37 72
37 73
37 76
37 77
37 78
37 82
37 84
37 86
37 87
40 88
42 88
51 88
55 88
59 88
64 88
67 88
69 88
70 88
72 88
73 88
75 88
76 88
78 88
79 88
80 88
82 88
83 88
84 88
86 88
87 88
93 88
94 88
100 88
102 88
103 88
105 88
106 88
109 88
112 88
114 79
114 66
114 64
114 63
114 48
114 40
114 39
109 37
105 37
101 37
100 37
90 37
89 37
88 37
84 37
81 37
79 37
78 37
74 37
73 37
72 37
66 37
64 37
62 37
61 37
61 39
61 40
61 44
61 45
61 46
61 47
61 48
61 49
61 51
61 52
61 53
61 55
61 57
61 58
61 59
61 60
61 62
61 63
61 64
61 67
61 69
61 70
61 71
61 77
61 82
61 83
61 84
61 87
61 89
61 91
61 95
61 96
64 96
67 96
70 96
71 96
73 96
75 96
76 96
79 96
81 96
83 96
84 96
90 94
90 92
90 85
90 79
90 75
90 72
90 70
90 69
90 68
90 66
90 63
90 62
90 61
90 60
90 57
90 55
90 54
90 53
90 52
90 50
90 48
90 47
89 47
88 47
86 47
84 47
83 48
83 49
83 50
83 53
83 55
83 57
83 58
83 60
83 64
83 66
83 71
86 73
87 73
88 73
91 73
94 73
96 72
96 69
96 68
96 66
96 64
96 63
96 62
96 61
96 60
96 58
96 57
96 56
96 55
96 54
96 53
96 52
96 51
96 50
96 48
96 46
96 45
95 45
93 45
91 45
90 45
89 45
88 45
86 45
84 45
82 45
81 45
80 45
79 45
75 45
73 45
71 45
66 45
64 45
63 45
62 45
61 45
60 45
59 45
58 45
57 45
55 45
54 45
54 46
54 47
54 48
54 49
54 50
54 51
54 52
57 53
60 53
61 53
63 53
64 53
65 53
66 53
67 53
70 53
71 53
72 53
73 53
74 53
76 53
77 53
79 53
80 53
81 53
83 53
86 53
87 53
88 53
88 52
88 50
88 48
88 47
88 46
88 45
88 44
88 43
88 40
88 39
88 38
88 37
88 36
88 34
88 33
88 32
88 29
88 28
88 27
88 26
88 25
88 24
88 23
88 22
88 21
88 19
82 16
80 16
79 16
76 16
73 16
69 16
66 16
64 16
63 16
62 16
57 16
55 16
48 16
47 16
43 22
43 25
43 26
43 28
43 29
43 31
43 32
43 38
43 39
43 40
43 44
43 45
43 48
43 49
43 50
43 51
43 52
43 55
43 56
43 57
43 59
43 62
43 63
43 64
45 64
46 64
49 64
51 64
52 64
54 64
55 64
57 64
59 64
61 64
63 64
64 64
65 64
66 64
67 64
70 64
71 64
73 64
76 64
77 64
81 64
83 64
86 64
87 64
88 64
89 64
91 64
92 64
93 64
94 64
96 64
97 64
98 64
99 64
100 64
102 64
103 64
104 64
107 64
109 64
111 64
112 64
114 64
115 64
116 64
120 64
121 64
124 63
124 48
109 43
106 43
104 45
104 46
104 47
104 52
104 54
104 56
104 57
104 59
104 60
104 63
104 64
104 65
104 70
104 71
104 73
104 74
104 82
104 83
104 85
104 87
104 89
104 90
106 92
109 92
111 92
112 92
117 92
118 79
118 75
118 66
118 63
118 59
118 58
110 60
110 61
110 63
110 65
110 67
110 70
110 71
110 73
110 74
110 78
110 85
110 87
110 89
110 93
110 94
110 99
110 103
111 104
112 104
114 104
117 104
119 104
122 104
127 99
127 98
127 94
127 79
127 75
127 66
118 66
114 66
113 66
113 70
113 73
113 74
113 78
113 87
113 89
113 90
113 93
113 94
117 97
119 97
119 94
113 94
112 94
110 94
109 94
106 94
101 94
100 94
96 94
95 94
94 94
90 94
89 94
87 97
87 99
87 103
87 105
87 106
87 108
87 109
87 113
87 114
87 116
87 117
87 119
88 121
89 121
94 121
97 121
104 121
106 121
107 122
107 125
107 126
108 126
110 126
119 126
125 103
125 99
125 98
125 94
113 87
112 87
110 87
109 87
104 87
103 87
101 87
100 87
97 87
96 87
95 87
94 87
89 87
86 87
81 87
80 87
79 87
76 87
75 87
74 89
74 90
74 91
74 93
74 95
74 97
74 100
74 101
74 103
74 105
74 106
74 108
74 109
74 110
74 114
74 117
75 117
81 117
82 117
87 117
88 117
89 117
94 117
95 117
97 117
100 117
100 116
100 113
100 112
100 110
100 108
100 107
100 103
100 102
100 101
100 99
100 97
100 94
100 93
100 92
100 89
100 88
100 87
100 86
100 83
100 82
100 81
100 80
100 79
100 75
100 68
100 66
100 65
100 64
100 63
100 59
100 58
100 57
100 55
100 54
100 53
100 52
100 50
100 48
100 46
100 45
100 44
100 40
100 39
100 38
100 37
100 36
100 35
100 34
100 33
100 32
98 32
97 32
96 32
91 32
90 32
89 32
88 32
85 32
84 32
83 32
82 32
81 32
80 32
79 32
78 32
76 32
75 32
74 32
73 32
72 32
71 32
69 32
67 32
66 32
64 32
63 32
62 32
61 32
60 32
58 32
57 32
55 32
53 32
51 32
50 32
48 32
47 32
45 32
43 32
42 32
42 38
42 40
42 44
42 45
43 45
45 45
46 45
47 44
47 43
47 42
47 40
47 39
47 38
47 37
47 35
47 32
47 31
47 30
47 29
47 28
47 26
47 24
47 23
47 21
47 20
47 18
47 17
47 16
47 15
47 12
47 11
47 9
47 8
47 6
47 5
46 5
45 5
44 5
42 5
40 5
36 5
32 5
27 5
21 5
19 5
16 5
11 5
11 13
11 16
11 21
11 22
11 29
11 34
11 38
11 40
22 42
26 42
28 42
29 42
30 42
32 42
34 42
39 42
40 42
41 42
45 42
46 42
47 42
48 42
50 42
51 42
57 42
60 42
64 42
65 42
67 42
68 42
69 42
70 42
71 42
72 42
73 42
76 42
77 42
78 42
79 42
80 42
81 42
83 42
86 42
87 42
89 42
90 42
92 42
94 42
95 41
95 40
95 39
95 38
95 36
95 34
95 33
95 31
95 29
95 28
95 26
95 25
95 24
95 23
95 22
95 21
95 20
95 19
95 18
95 15
95 14
94 11
91 11
90 11
89 11
88 11
86 11
85 11
83 11
82 11
79 11
74 11
73 11
69 11
66 11
64 11
63 11
60 11
57 11
55 11
54 11
50 11
49 11
48 11
47 11
46 11
42 11
41 11
40 11
38 11
37 11
36 11
34 11
33 11
32 11
31 11
30 11
30 13
30 16
30 22
30 24
30 25
30 28
30 29
30 30
30 31
30 32
32 32
35 30
35 29
35 28
35 26
35 23
35 21
35 20
35 19
35 18
35 16
35 15
32 14
31 14
29 14
28 14
27 14
24 14
22 14
21 14
19 14
18 14
16 14
15 14
13 14
10 14
9 14
8 14
7 14
6 14
3 16
3 20
3 22
3 33
3 34
3 38
3 50
3 54
3 55
3 58
3 59
3 62
3 66
3 67
3 68
3 69
3 76
3 80
3 81
8 82
13 66
13 65
13 60
13 56
13 49
12 47
11 47
9 47
8 47
8 48
8 50
8 54
8 55
8 58
8 59
8 62
8 64
8 66
8 67
8 68
8 69
8 70
8 75
8 76
14 78
17 78
19 78
22 78
23 78
25 78
27 78
31 78
32 78
34 78
36 78
37 78
40 78
45 78
46 78
49 78
50 78
51 78
54 78
57 76
57 74
57 72
57 71
57 70
57 69
57 67
57 66
57 65
57 64
57 63
57 62
57 61
57 60
57 59
57 58
57 56
57 55
57 54
57 53
57 52
57 51
57 50
57 49
57 48
57 47
57 46
57 45
57 44
57 43
57 42
57 41
57 40
57 39
57 38
57 37
57 36
57 35
57 34
57 33
57 32
57 31
57 30
57 29
57 28
56 28
55 28
53 28
51 28
50 28
49 28
48 28
47 28
46 28
45 28
44 28
43 28
42 28
41 28
40 28
38 28
37 28
36 28
35 28
32 28
31 28
30 28
29 28
28 28
27 28
25 28
24 28
22 28
20 28
19 28
18 28
16 28
15 28
13 28
12 28
10 28
9 28
8 28
7 28
6 29
6 33
6 34
6 38
6 45
6 46
6 49
6 50
6 51
6 54
6 55
6 58
6 59
6 62
6 64
6 66
6 67
6 68
6 69
6 70
6 75
6 76
6 77
6 78
6 79
6 80
6 81
6 83
6 84
6 85
6 86
6 87
6 89
6 91
6 92
6 93
6 95
6 96
6 97
6 100
6 103
6 115
13 117
22 117
23 117
27 117
28 117
29 117
36 117
37 109
27 109
23 109
22 109
20 109
19 113
19 114
19 115
19 118
23 119
27 119
28 119
29 119
31 119
36 119
38 119
41 119
42 119
51 119
51 116
51 109
51 108
51 105
51 104
51 103
51 99
51 93
51 92
51 90
51 88
51 86
51 84
51 81
51 80
51 79
51 78
51 76
50 76
49 76
48 76
47 76
46 76
45 76
44 76
43 76
40 76
39 76
38 76
37 76
36 76
35 76
32 76
31 76
30 76
30 77
30 79
30 80
30 81
30 82
30 83
30 84
30 85
30 87
30 88
30 89
30 90
30 91
30 92
30 93
30 95
30 97
30 100
30 101
30 103
30 105
30 106
30 107
30 108
30 114
31 114
36 114
38 114
41 114
42 114
42 112
42 109
42 108
42 105
42 104
42 103
42 99
42 98
42 94
42 93
42 90
42 88
42 86
42 83
42 82
42 81
42 80
42 79
42 75
42 73
40 72
39 72
38 72
37 72
36 72
35 72
33 72
32 72
31 72
30 72
29 72
28 72
27 72
26 72
24 72
22 72
20 72
18 72
16 72
15 72
14 72
12 72
11 72
11 73
11 74
11 75
11 76
11 77
11 79
11 80
11 81
11 83
11 84
11 85
11 87
11 89
11 91
11 92
11 93
11 94
11 95
11 96
11 97
11 100
11 101
11 103
11 105
12 105
15 105
16 105
17 105
14 101
13 101
12 101
11 101
10 101
8 103
8 106
8 108
8 110
8 114
8 115
8 118
8 120
10 123
13 123
14 123
16 123
17 123
18 123
23 123
24 123
25 123
27 123
28 123
29 123
31 123
36 123
38 123
39 123
41 123
42 123
43 123
44 123
46 123
50 123
51 123
52 123
54 123
55 123
56 123
57 123
60 123
63 123
67 123
61 122
61 124
63 124
64 124
67 124
68 124
73 124
76 121
76 112
76 111
76 108
76 105
76 103
76 101
76 99
76 97
76 96
76 93
76 92
76 90
76 88
76 87
76 86
76 84
76 81
76 80
76 79
76 78
75 75
73 75
67 75
66 75
62 75
60 75
59 75
59 77
59 78
59 80
59 82
59 83
59 84
59 85
59 86
59 87
59 88
59 89
59 90
59 91
59 93
59 95
59 96
59 97
59 98
59 99
59 100
59 101
59 103
59 105
59 106
59 107
59 108
59 109
59 111
59 114
59 117
59 119
59 120
59 122
59 124
59 125
60 127
63 127
67 127
68 127
71 127
73 127
81 127
85 120
85 112
85 111
84 111
80 111
78 111
76 111
75 111
73 111
71 111
66 111
65 111
64 111
62 111
61 111
60 111
59 111
58 111
55 111
54 111
53 111
50 111
49 111
48 111
46 111
38 111
32 111
31 111
29 111
27 111
27 112
27 113
27 114
27 115
27 116
27 117
27 118
27 119
27 120
27 121
27 122
27 123
27 124
27 125
27 126
27 128
2000
